ALGO = Fast
DIPOL = 0.4166666666666672 0.3839196434863198 0.20000000000000032
EDIFF = 1e-05
EDIFFG = -0.05
ENCUT = 400
GGA = Pe
IBRION = 2
ICHARG = 2
IDIPOL = 3
ISIF = 2
ISMEAR = 0
ISPIN = 2
ISYM = 0
LASPH = True
LCHARG = False
LDIPOL = True
LMAXMIX = 6
LREAL = Auto
LVTOT = False
LWAVE = False
MAGMOM = 144*0.6
NELM = 60
NELMIN = 4
NPAR = 4
NSW = 500
PREC = Normal
SIGMA = 0.05
